#build_topology.py
# GMT Thu May  3 22:49:26 2018
# 
0 6 7 12 13 14 15 17 19 23 25 28 29
1 3 4 5 7 9 11 16 19 20 22 26 27
2 6 7 9 10 16 17 19 21 23 24 27 29
3 5 6 7 9 12 20 23 25 26 27 28
4 5 8 9 15 16 17 21 25 26 28 29
5 12 13 14 15 17 20 22 25 28
6 8 9 11 14 16 18 19 24 27
7 8 10 13 16 18 22 23 25
8 12 13 15 16 17 18 24 27 28
9 11 13 14 15 18 24 26
10 12 16 17 18 19 20 23 24 25 29
11 12 13 14 15 20 21 27 28 29
12 13 18 21 22 23 27
13 15 19 23 26 29
14 18 20 22 25 27 28 29
15 18 19 21 22 28
16 17 22 23 24 29
17 22 23 24 26 29
18 19 20 21 27
19 21 23 25 26
20 21 22 24 26 28
21 24 26 28 29
22 27 28 29
23 24 25
24 26 29
25 26 27 28
26 27
27
28
29
