#build_topology.py
# GMT Fri May  4 00:04:32 2018
# 
0 131 196 230 134 200 201 237 46 56 114 99 212 120 148
1 129 98 86 40 201 44 142 16 146 214 183 88 153 26
2 227 132 146 39 77 239 144 173 178 52 85 86 183 205
3 99 36 5 73 75 242 207 114 149 55 132 188 126 159
4 224 196 38 7 8 124 55 49 181 23 137 25 60 62
5 101 102 9 173 14 111 177 114 243 152 179 156 94
6 96 38 168 73 119 172 239 240 18 19 84 87 120 57
7 192 161 226 137 138 203 44 110 144 181 234 92 106
8 192 97 43 77 46 184 19 117 88 100 58 91 60
9 112 130 100 137 170 11 236 48 113 118 183 56 42
10 161 98 164 233 11 109 45 208 179 196 184 57 91 126
11 100 229 241 71 189 175 184 22 119 216 196 93
12 129 162 69 65 87 45 15 25 217 154 79 156 126 63
13 128 33 34 16 167 200 135 205 111 144 145 117 186 31
14 162 68 231 106 71 173 175 237 53 118 24 22 92
15 35 100 134 198 17 75 93 81 180 21 150 120 189
16 162 139 73 75 204 144 82 19 89 218 60 62
17 192 99 164 201 95 139 76 142 207 187 92 222 63
18 198 38 169 43 45 78 48 241 190 184 218 186 30
19 65 194 202 174 239 176 241 40 122 190 159
20 27 229 135 30 46 79 48 81 53 90 59 220 222 31
21 163 229 73 42 142 179 146 115 116 215 152 122 159
22 65 67 81 113 168 167 77 177 56 25 91 29
23 66 171 102 242 75 76 237 114 180 149 217 190 53
24 96 163 69 39 200 231 143 209 179 56 157 30 63
25 224 126 133 205 147 181 100 95 182 30 229
26 227 101 168 111 80 72 178 83 52 40 92 125 127
27 96 66 164 28 138 171 204 141 112 49 243 220 62
28 64 96 163 65 141 238 81 210 99 213 87 92 85
29 176 34 145 232 170 172 144 81 115 62 124 94 31
30 160 130 131 241 168 145 178 155 61 158
31 192 163 243 198 135 174 207 227 54 191 95
32 224 161 194 102 64 75 143 208 40 147 222 186 190 159
33 161 98 59 102 232 156 109 206 244 58 91 92 157
34 67 134 70 172 45 80 117 119 216 154 207 191
35 81 167 41 170 231 174 112 49 181 214 111 103 223
36 194 72 76 43 204 110 189 48 117 122 219 90 223
37 225 66 123 196 69 201 74 143 84 53 120 228 111 94
38 64 197 72 141 46 205 240 209 56 58 156
39 68 165 70 205 237 47 80 146 213 150 155 223
40 162 75 132 51 65 200 235 140 57 191
41 129 139 71 161 74 43 173 79 195 171 153 125 63
42 128 193 83 228 101 70 66 51 86 153 122 187
43 194 68 242 212 222 54 119 220 93 94
44 133 166 232 176 77 111 48 114 149 62 90 222
45 160 165 167 141 175 113 244 85 120 127
46 130 67 199 146 143 145 242 152 218 122
47 226 195 68 229 134 169 240 146 51 213 219 187 60
48 160 130 102 111 117 150 152 148 92
49 244 70 200 139 114 212 149 185 127 158 63
50 96 224 67 131 103 104 73 77 208 51 149 182 87 88
51 193 110 99 204 141 142 207 240 149 218
52 132 198 135 183 109 79 81 181 150 119 156 189
53 65 107 134 113 183 109 141 80 145 235
54 129 102 104 172 107 76 207 136 83 218 156 126
55 97 162 229 71 169 140 115 116 150 151 153 148
56 130 227 100 235 172 144 145 156 159
57 225 134 72 106 78 149 118 215 89 122 61
58 69 70 193 142 80 209 244 238 86 215 127
59 228 198 230 169 109 78 125 208 115 89 189 95
60 130 99 202 107 108 83 212 88 154 138
61 100 167 136 231 204 81 213 118 121 125 190 181
62 70 199 236 79 89 182 185 216 153
63 66 133 105 103 238 143 71 187 190
64 160 67 198 233 237 142 143 208 115 244 91
65 193 131 68 135 140 202 217 149
66 196 104 137 170 174 147 116 157 69
67 194 178 106 206 152 116 174 88 85
68 128 226 163 199 176 87 179 151 90
69 163 231 232 138 216 116 120 153 159
70 203 233 171 141 143 147 157 127
71 139 199 168 151 205 177 105 233 189
72 241 203 141 240 145 90 213 123 220 157
73 98 231 204 205 112 82 153 89 126
74 224 140 109 110 176 177 204 181 121 159 221 95
75 136 151 174 99 147 115 153 232
76 197 227 133 209 206 208 180 132 93 223
77 112 220 203 78 80 232 121 154 124
78 128 133 146 108 209 243 118 89 188 185
79 155 101 108 184 213 120 121 91 124
80 129 169 107 140 113 211 152 88
81 175 106 144 119 233 188
82 98 105 136 138 235 207 115 84 183 234 126 95
83 160 226 100 104 108 239 209 151 218 125
84 129 165 136 242 171 178 88 186 123 156 221
85 193 165 168 107 142 115 181 216 186 127
86 160 164 243 170 109 211 116 117 156 149
87 228 188 238 207 242 211 180 153 159
88 197 205 242 151 212 186 220
89 224 133 176 148 117 151 187 189
90 97 98 101 166 199 238 239 212 175
91 226 101 102 234 113 217 191 165
92 162 135 186 184 121 187 122
93 176 162 196 161 236 173 208 148 119 188
94 225 162 163 105 110 210 219 217 159 127
95 192 162 187 179 166 234 144 147
96 226 124 106 236 206 111 115 155 125
97 195 165 230 103 108 200 210 244 217 134 191
98 202 141 243 213 118 183 218 158
99 225 132 233 113 171 217 222
100 171 164 202 114 148 117
101 199 200 105 175 185 157 158 197
102 197 199 105 240 213 220 117
103 192 160 228 232 171 204 123 183 186 223
104 224 163 114 198 107 240 242 121 156 158
105 133 129 196 169 126 132 122 123
106 129 198 136 236 227 150 220 195
107 165 231 234 215 216 121 220 202
108 192 227 197 234 139 206 176 146 215
109 229 235 205 148 118 119 153
110 160 193 201 238 175 179 164 234 159
111 131 196 163 182 123 190
112 226 135 203 130 178 219 153 123 156
113 225 227 231 232 171 238 123
114 130 132 169 143 216 222
115 169 202 182 218 127
116 196 197 137 236 209 211 148 125
117 142 211 181 121 157
118 228 231 206 153 123 126 191
119 230 241 168 177 158 166
120 225 130 164 146 244 182 123
121 198 125 142 210 148 219
122 228 238 190 211 126 229
123 231 177 213 136
124 167 168 203 140 142 221 208 207 185
125 129 131 182 218 220 222
126 197 140 149 219
127 243 138 239 158 221 191
128 237 194 172 173 176 177 211 151 221 191
129 165 230 211 212 179
130 162 135 167 188 223
131 240 136 233 170 176 146 201 152
132 166 139 144 214 156 221
133 165 166 201 183 150 151 158
134 229 136 239 208 177 212 150
135 197 202 236 214 212 189
136 219 242 171 244 222
137 160 199 167 172 178 215 180 155 221
138 226 169 172 237 238 207 243 157
139 193 219 173 206 201 196 187
140 194 167 202 235 146 185 159
141 194 196 167 171 209
142 198 192 187 221
143 194 195 228 237 209 166
144 177 244 151 185 219
145 163 198 175 200 242 195 214
146 241 155 221
147 225 191 209 243 180 214 186 155
148 205 210 150 184 190
149 197 238 180 217
150 172 237 152 218 156
151 227 211 202 237
152 198 207 241 155 206 191
153 232 180
154 224 192 230 232 233 172 194 210 211 220
155 228 230 168 200 188 159
156 161
157 169 170 235 174 188 221
158 240 201 176 241 219 159
159 212
160 195 164 202 181 170
161 166 172 205 208 215 185 189
162 197 167 176 191
163 166 209 190 217
164 227 179 198 199 211 170
165 170 173 206 175 241
166 224 168 174 206 239
167 193 188 217
168 211 183 186 213
169 208 194 193 214
170 192 193 234 228
171 210 211 188
172 243 180 187
173 225 228 240 210 212 214
174 232 204 178 180 186 222
175 195 199 203 216 185
176 197 234
177 193 199 209 222 191
178 192 234 213 214 233 184
179 241 200 243 215 216
180 182 215 204 214
181 195 234 236 219
182 224 230 189 240 214 217
183 204 239 241 229
184 228 230 239 186 187 222
185 192 226 201 235 211
186 224 195
187 194 203 189
188 235 232 237 240
189 226 235 225
190 242 212 222 223
191 237 238
192 244 221
193 195 233 206
194 214 220
195 231 234 239
196 199 240
197 233 223
198 236
199 242 215
200 227 228 231 217
201 225 203 239 244
202 230 244 216
203 229 236 242 244 218
204 237 221 223
205 212 207 208
206 234 207 218
207 242
208 231 235
209 224 235
210 239 243 212 215 216 217
211
212
213 225 232 223
214 230 221
215 243 232 231
216 238 223 229
217 222
218 225 241
219 226 227 223
220 229 236
221 237
222
223 240 227
224 230 234
225 236 238
226 243 233 236
227 230
228 239
229 244
230 236
231
232
233 235 241
234
235 238
236
237
238
239
240
241
242
243
244
